116
33
425
312
119
157
105
236
84
400
334
377
79
308
344
202
127
229
320
451
30
469
100
185
436
300
421
316
268
139
433
160
177
285
169
143
478
458
244
32
269
306
374
92
172
257
15
272
228
224
322
13
418
301
198
38
145
493
381
485
302
117
299
174
304
72
370
423
315
2
51
431
106
487
94
464
200
175
192
59
8
494
309
379
318
36
441
109
64
349
411
321
311
455
448
126
56
274
1
476
255
135
74
132
368
382
197
121
44
412
55
124
28
338
449
323
180
77
189
82
112
424
47
342
245
201
171
251
365
225
267
383
147
144
483
404
277
215
420
331
242
97
146
11
249
179
173
40
134
452
125
403
479
484
350
499
60
57
266
367
258
181
388
402
440
17
444
292
364
387
58
81
89
416
298
161
328
253
183
372
270
167
442
410
288
408
303
76
359
409
324
227
195
78
219
203
31
391
335
496
42
498
162
53
459
45
29
170
83
165
48
390
437
375
231
261
243
428
481
343
281
12
9
380
339
473
166
27
99
204
438
159
164
371
467
232
385
405
137
396
297
115
429
395
477
188
480
154
432
295
233
362
156
413
61
23
357
41
88
123
373
414
462
330
265
450
216
199
466
14
67
52
394
256
49
333
19
327
398
163
363
148
407
351
142
434
491
293
220
439
71
113
37
392
495
101
286
486
489
401
461
347
470
263
356
240
457
102
393
435
73
118
239
133
86
417
278
182
210
446
460
213
95
279
238
222
471
354
91
66
25
345
419
85
230
456
207
63
310
218
376
194
178
317
140
158
241
474
212
497
361
39
289
5
358
6
226
246
43
20
221
205
360
472
34
454
325
3
273
346
136
10
259
209
463
22
307
193
468
70
488
104
184
153
237
406
149
75
217
275
500
291
378
340
341
276
262
427
453
96
430
492
399
68
80
93
35
287
235
141
290
50
443
250
191
130
397
280
18
4
65
422
426
264
271
214
208
247
206
366
284
475
103
186
26
355
305
329
234
46
352
447
196
248
482
7
389
332
138
353
90
223
211
319
252
348
120
151
87
122
155
187
107
294
24
282
337
314
313
415
54
16
490
110
336
152
131
190
98
108
254
369
445
465
296
111
21
326
69
168
386
150
62
283
128
176
260
129
384
114